cam_08_00500_jpg.rf.5151346676b87b9d97d375b50e60a9b8.jpg 0 0.21258218586444855 0.5302814096212387 0.04271772503852844 0.14107301831245422 0.9765152420316424
cam_08_00500_jpg.rf.5151346676b87b9d97d375b50e60a9b8.jpg 0 0.3858848065137863 0.4715620428323746 0.038866788148880005 0.1478109061717987 0.9680061680930001
cam_08_00500_jpg.rf.5151346676b87b9d97d375b50e60a9b8.jpg 0 0.36587344110012054 0.25131601840257645 0.021125048398971558 0.07411418855190277 0.9660714864730835
cam_08_00500_jpg.rf.5151346676b87b9d97d375b50e60a9b8.jpg 0 0.30286483466625214 0.30398987233638763 0.02230432629585266 0.07178565859794617 0.9494689532688686
cam_08_00500_jpg.rf.5151346676b87b9d97d375b50e60a9b8.jpg 0 0.28503742814064026 0.37702906131744385 0.025497913360595703 0.0860598087310791 0.942519988332476
cam_08_00500_jpg.rf.5151346676b87b9d97d375b50e60a9b8.jpg 0 0.26652443408966064 0.31462040543556213 0.02073758840560913 0.06617337465286255 0.9403243235179356
cam_08_00500_jpg.rf.5151346676b87b9d97d375b50e60a9b8.jpg 0 0.38453325629234314 0.32163913547992706 0.024590134620666504 0.08446386456489563 0.9283581801823207
cam_08_00500_jpg.rf.5151346676b87b9d97d375b50e60a9b8.jpg 0 0.3648165166378021 0.38247962296009064 0.02758258581161499 0.09182462096214294 0.9108613218579974
cam_08_00500_jpg.rf.5151346676b87b9d97d375b50e60a9b8.jpg 0 0.07399667240679264 0.39480604231357574 0.07200201973319054 0.08388552069664001 0.8383908952985492
cam_08_00500_jpg.rf.5151346676b87b9d97d375b50e60a9b8.jpg 0 0.20767463743686676 0.4333460330963135 0.03605484962463379 0.10322123765945435 0.5334068025861468
cam_08_00500_jpg.rf.5151346676b87b9d97d375b50e60a9b8.jpg 0 0.388276144862175 0.22876176983118057 0.014784485101699829 0.054693326354026794 0.4000658563205174
cam_08_00500_jpg.rf.5151346676b87b9d97d375b50e60a9b8.jpg 0 0.4008540213108063 0.25687436759471893 0.01596146821975708 0.060136884450912476 0.1998931212084634
cam_08_00500_jpg.rf.5151346676b87b9d97d375b50e60a9b8.jpg 1 0.07548868656158447 0.3952893018722534 0.0686141699552536 0.08127051591873169 0.13163283893040248
cam_08_00500_jpg.rf.5151346676b87b9d97d375b50e60a9b8.jpg 0 0.8531512022018433 0.37660904228687286 0.04745340347290039 0.06781211495399475 0.11220754044396537
cam_08_00500_jpg.rf.5151346676b87b9d97d375b50e60a9b8.jpg 0 0.8093141913414001 0.23687101155519485 0.026193737983703613 0.07499592006206512 0.0903404780796596
cam_08_00500_jpg.rf.5151346676b87b9d97d375b50e60a9b8.jpg 0 0.41484375 0.29444444444444445 0.01875 0.07222222222222219 0.07283827236720494
cam_08_00500_jpg.rf.5151346676b87b9d97d375b50e60a9b8.jpg 3 0.5287633240222931 0.17064756900072098 0.03508824110031128 0.08737953007221222 0.06487858082566943
cam_08_00500_jpg.rf.5151346676b87b9d97d375b50e60a9b8.jpg 0 0.6078023016452789 0.2336883768439293 0.022523820400238037 0.061606720089912415 0.04982113838195801
cam_08_00500_jpg.rf.5151346676b87b9d97d375b50e60a9b8.jpg 1 0.12440847419202328 0.7580680549144745 0.19538261368870735 0.4079224467277527 0.04849729261228016
cam_08_00500_jpg.rf.5151346676b87b9d97d375b50e60a9b8.jpg 0 0.3673822730779648 0.3167722225189209 0.01635560393333435 0.06311196088790894 0.0465160853096417
cam_08_00500_jpg.rf.5151346676b87b9d97d375b50e60a9b8.jpg 2 0.48231886327266693 0.10826564580202103 0.05812612175941467 0.09345437586307526 0.02593246049114636
cam_08_00500_jpg.rf.5151346676b87b9d97d375b50e60a9b8.jpg 0 0.20444750040769577 0.2914540320634842 0.046253517270088196 0.04991981387138367 0.02221781015396118
cam_08_00500_jpg.rf.5151346676b87b9d97d375b50e60a9b8.jpg 0 0.5293479859828949 0.16973713040351868 0.035006821155548096 0.0697135329246521 0.018935465386935642
cam_08_00500_jpg.rf.5151346676b87b9d97d375b50e60a9b8.jpg 0 0.597844123840332 0.02727283164858818 0.03326308727264404 0.05454566329717636 0.009632482060364314
cam_08_00500_jpg.rf.5ab59b5bcda1d1fad9131385c5d64fdb.jpg 0 0.21265698224306107 0.5305784195661545 0.04244805872440338 0.14294841885566711 0.9768025364194598
cam_08_00500_jpg.rf.5ab59b5bcda1d1fad9131385c5d64fdb.jpg 0 0.3029021620750427 0.30505916476249695 0.02540600299835205 0.07244837284088135 0.9736876828329903
cam_08_00500_jpg.rf.5ab59b5bcda1d1fad9131385c5d64fdb.jpg 0 0.3863726109266281 0.469559907913208 0.037856072187423706 0.14705872535705566 0.9676145655768258
cam_08_00500_jpg.rf.5ab59b5bcda1d1fad9131385c5d64fdb.jpg 0 0.3848881870508194 0.32128535211086273 0.02548202872276306 0.08477196097373962 0.9513009446007865
cam_08_00500_jpg.rf.5ab59b5bcda1d1fad9131385c5d64fdb.jpg 0 0.28513315320014954 0.37783077359199524 0.025764107704162598 0.0880785584449768 0.9469901663916451
cam_08_00500_jpg.rf.5ab59b5bcda1d1fad9131385c5d64fdb.jpg 0 0.3636254668235779 0.3749261647462845 0.02600419521331787 0.07874509692192078 0.914583546774728
cam_08_00500_jpg.rf.5ab59b5bcda1d1fad9131385c5d64fdb.jpg 0 0.2659522145986557 0.316804900765419 0.019313842058181763 0.06845852732658386 0.880372268812997
cam_08_00500_jpg.rf.5ab59b5bcda1d1fad9131385c5d64fdb.jpg 0 0.07473252341151237 0.394616037607193 0.07028590887784958 0.08315455913543701 0.8383372170584542
cam_08_00500_jpg.rf.5ab59b5bcda1d1fad9131385c5d64fdb.jpg 0 0.3649103194475174 0.24797004461288452 0.017504125833511353 0.07695233821868896 0.7694077491760254
cam_08_00500_jpg.rf.5ab59b5bcda1d1fad9131385c5d64fdb.jpg 0 0.20725716650485992 0.432128369808197 0.03093641996383667 0.09787791967391968 0.5186196735927037
cam_08_00500_jpg.rf.5ab59b5bcda1d1fad9131385c5d64fdb.jpg 0 0.38861319422721863 0.2297895848751068 0.015094399452209473 0.05511754751205444 0.3927645002092634
cam_08_00500_jpg.rf.5ab59b5bcda1d1fad9131385c5d64fdb.jpg 0 0.40122537314891815 0.25470519065856934 0.016785889863967896 0.06719881296157837 0.3138759306498936
cam_08_00500_jpg.rf.5ab59b5bcda1d1fad9131385c5d64fdb.jpg 0 0.4039314240217209 0.20342782884836197 0.012181490659713745 0.055766865611076355 0.2501434258052281
cam_08_00500_jpg.rf.5ab59b5bcda1d1fad9131385c5d64fdb.jpg 0 0.4134841114282608 0.29511260986328125 0.020861953496932983 0.07127189636230469 0.136555050100599
cam_08_00500_jpg.rf.5ab59b5bcda1d1fad9131385c5d64fdb.jpg 1 0.0754879079759121 0.3952895998954773 0.06861358135938644 0.08127081394195557 0.1316277895654951
cam_08_00500_jpg.rf.5ab59b5bcda1d1fad9131385c5d64fdb.jpg 0 0.8531512022018433 0.37660904228687286 0.04745340347290039 0.06781211495399475 0.11220754044396537
cam_08_00500_jpg.rf.5ab59b5bcda1d1fad9131385c5d64fdb.jpg 0 0.8093141913414001 0.23687101155519485 0.026193737983703613 0.07499592006206512 0.0903404780796596
cam_08_00500_jpg.rf.5ab59b5bcda1d1fad9131385c5d64fdb.jpg 0 0.20412836968898773 0.2902850955724716 0.040798038244247437 0.049730926752090454 0.07143870208944593
cam_08_00500_jpg.rf.5ab59b5bcda1d1fad9131385c5d64fdb.jpg 3 0.5287625789642334 0.17064929753541946 0.0350877046585083 0.08738456666469574 0.06479278206825256
cam_08_00500_jpg.rf.5ab59b5bcda1d1fad9131385c5d64fdb.jpg 1 0.12420054525136948 0.762851357460022 0.19456471502780914 0.39995765686035156 0.05006450414657593
cam_08_00500_jpg.rf.5ab59b5bcda1d1fad9131385c5d64fdb.jpg 0 0.6078023016452789 0.2336883768439293 0.022523820400238037 0.061606720089912415 0.04982109687158039
cam_08_00500_jpg.rf.5ab59b5bcda1d1fad9131385c5d64fdb.jpg 0 0.36669065058231354 0.3176525980234146 0.016045480966567993 0.06647506356239319 0.045253559947013855
cam_08_00500_jpg.rf.5ab59b5bcda1d1fad9131385c5d64fdb.jpg 2 0.4823385030031204 0.10830802842974663 0.05816110968589783 0.09345463663339615 0.02524068366203989
cam_08_00500_jpg.rf.5ab59b5bcda1d1fad9131385c5d64fdb.jpg 0 0.39837297797203064 0.37442032992839813 0.022146999835968018 0.07621350884437561 0.022725969020809447
cam_08_00500_jpg.rf.5ab59b5bcda1d1fad9131385c5d64fdb.jpg 0 0.5293479859828949 0.16973713040351868 0.035006821155548096 0.0697135329246521 0.018935373851231167
cam_08_00500_jpg.rf.5ab59b5bcda1d1fad9131385c5d64fdb.jpg 0 0.597844123840332 0.02727283164858818 0.03326308727264404 0.05454566329717636 0.009632482060364314
cam_08_00501_jpg.rf.76f1baf9183c5809797b116f4d6286f8.jpg 0 0.1804448664188385 0.5710020065307617 0.05853542685508728 0.17875027656555176 0.9814432689121791
cam_08_00501_jpg.rf.76f1baf9183c5809797b116f4d6286f8.jpg 0 0.08855458162724972 0.6087547540664673 0.05369049683213234 0.1753833293914795 0.9789689949580601
cam_08_00501_jpg.rf.76f1baf9183c5809797b116f4d6286f8.jpg 0 0.2937617897987366 0.6030223667621613 0.04685872793197632 0.16518419981002808 0.9782684700829642
cam_08_00501_jpg.rf.76f1baf9183c5809797b116f4d6286f8.jpg 0 0.21557017415761948 0.38781218230724335 0.02850361168384552 0.07133236527442932 0.9749713114329747
cam_08_00501_jpg.rf.76f1baf9183c5809797b116f4d6286f8.jpg 0 0.25894998759031296 0.3660230338573456 0.024170532822608948 0.08465951681137085 0.9734209094728742
cam_08_00501_jpg.rf.76f1baf9183c5809797b116f4d6286f8.jpg 0 0.3370797634124756 0.30275440216064453 0.022891223430633545 0.07826763391494751 0.9713399410247803
cam_08_00501_jpg.rf.76f1baf9183c5809797b116f4d6286f8.jpg 0 0.37886351346969604 0.37662258744239807 0.0296059250831604 0.08994513750076294 0.9692179305212838
cam_08_00501_jpg.rf.76f1baf9183c5809797b116f4d6286f8.jpg 0 0.3720802664756775 0.2732537239789963 0.02252751588821411 0.06727799773216248 0.9593727758952549
cam_08_00501_jpg.rf.76f1baf9183c5809797b116f4d6286f8.jpg 0 0.3891550153493881 0.2378208190202713 0.017692536115646362 0.06403800845146179 0.9499619688306536
cam_08_00501_jpg.rf.76f1baf9183c5809797b116f4d6286f8.jpg 0 0.42074398696422577 0.28893180191516876 0.025936037302017212 0.08775028586387634 0.9434741735458374
cam_08_00501_jpg.rf.76f1baf9183c5809797b116f4d6286f8.jpg 0 0.3534448444843292 0.22217711806297302 0.01586151123046875 0.06184840202331543 0.9324445043291364
cam_08_00501_jpg.rf.76f1baf9183c5809797b116f4d6286f8.jpg 0 0.318020835518837 0.4645752012729645 0.04119196534156799 0.1189623475074768 0.8626740319388253
cam_08_00501_jpg.rf.76f1baf9183c5809797b116f4d6286f8.jpg 0 0.0746967438608408 0.3987523913383484 0.0650378130376339 0.07103705406188965 0.8366442407880511
cam_08_00501_jpg.rf.76f1baf9183c5809797b116f4d6286f8.jpg 0 0.5791747570037842 0.1979551762342453 0.013559579849243164 0.046727776527404785 0.24990499019622803
cam_08_00501_jpg.rf.76f1baf9183c5809797b116f4d6286f8.jpg 0 0.20632896572351456 0.2877880483865738 0.043714091181755066 0.043711692094802856 0.14590845363480703
cam_08_00501_jpg.rf.76f1baf9183c5809797b116f4d6286f8.jpg 1 0.07475944794714451 0.39986632764339447 0.06206158921122551 0.07068654894828796 0.13706921679633005
cam_08_00501_jpg.rf.76f1baf9183c5809797b116f4d6286f8.jpg 0 0.37055301666259766 0.2156824767589569 0.018144428730010986 0.05260738730430603 0.12123425092015948
cam_08_00501_jpg.rf.76f1baf9183c5809797b116f4d6286f8.jpg 0 0.8523990511894226 0.37571854889392853 0.049715638160705566 0.06986275315284729 0.06954723596572876
cam_08_00501_jpg.rf.76f1baf9183c5809797b116f4d6286f8.jpg 0 0.2681761831045151 0.8702924251556396 0.05710718035697937 0.1269475221633911 0.02517455763050488
cam_08_00501_jpg.rf.76f1baf9183c5809797b116f4d6286f8.jpg 0 0.5785019099712372 0.03598380088806152 0.061006367206573486 0.07196760177612305 0.01589271958385195
cam_08_00501_jpg.rf.76f1baf9183c5809797b116f4d6286f8.jpg 0 0.3891865909099579 0.3069158345460892 0.019942939281463623 0.06236502528190613 0.010504189346517836
cam_08_00501_jpg.rf.c4df11c72857b9bc60c8ba5a067a00f9.jpg 0 0.18032453209161758 0.5708241015672684 0.053934499621391296 0.17229542136192322 0.9827396699360439
cam_08_00501_jpg.rf.c4df11c72857b9bc60c8ba5a067a00f9.jpg 0 0.08888068795204163 0.6076868176460266 0.054963961243629456 0.17726898193359375 0.9795692988804409
cam_08_00501_jpg.rf.c4df11c72857b9bc60c8ba5a067a00f9.jpg 0 0.29307685792446136 0.6033525168895721 0.04396912455558777 0.16223925352096558 0.9795584848948887
cam_08_00501_jpg.rf.c4df11c72857b9bc60c8ba5a067a00f9.jpg 0 0.3165450841188431 0.4617956131696701 0.044787198305130005 0.1297462284564972 0.9775693927492414
cam_08_00501_jpg.rf.c4df11c72857b9bc60c8ba5a067a00f9.jpg 0 0.21515652537345886 0.38714298605918884 0.028129935264587402 0.07123672962188721 0.9758107151303973
cam_08_00501_jpg.rf.c4df11c72857b9bc60c8ba5a067a00f9.jpg 0 0.25898486375808716 0.36732006072998047 0.022975265979766846 0.08382588624954224 0.9714944022042411
cam_08_00501_jpg.rf.c4df11c72857b9bc60c8ba5a067a00f9.jpg 0 0.33701345324516296 0.30271998047828674 0.022954702377319336 0.07844358682632446 0.9709881033216204
cam_08_00501_jpg.rf.c4df11c72857b9bc60c8ba5a067a00f9.jpg 0 0.37834739685058594 0.3773867189884186 0.026392102241516113 0.09120529890060425 0.9552901131766183
cam_08_00501_jpg.rf.c4df11c72857b9bc60c8ba5a067a00f9.jpg 0 0.39042098820209503 0.2373497411608696 0.017384856939315796 0.06476433575153351 0.9532618522644043
cam_08_00501_jpg.rf.c4df11c72857b9bc60c8ba5a067a00f9.jpg 0 0.35315242409706116 0.22266098111867905 0.015337049961090088 0.06115861237049103 0.9374366487775531
cam_08_00501_jpg.rf.c4df11c72857b9bc60c8ba5a067a00f9.jpg 0 0.4199502021074295 0.29118289053440094 0.023436158895492554 0.08671489357948303 0.8717860494341169
cam_08_00501_jpg.rf.c4df11c72857b9bc60c8ba5a067a00f9.jpg 0 0.0753765944391489 0.3996567875146866 0.06423112377524376 0.07130053639411926 0.8383288383483887
cam_08_00501_jpg.rf.c4df11c72857b9bc60c8ba5a067a00f9.jpg 0 0.372237429022789 0.27166056632995605 0.01968124508857727 0.07075661420822144 0.8120371614183698
cam_08_00501_jpg.rf.c4df11c72857b9bc60c8ba5a067a00f9.jpg 0 0.5791746377944946 0.19795575737953186 0.013560771942138672 0.04672962427139282 0.24997217314583914
cam_08_00501_jpg.rf.c4df11c72857b9bc60c8ba5a067a00f9.jpg 1 0.07424699142575264 0.40155191719532013 0.06155668944120407 0.07357266545295715 0.13022117103849137
cam_08_00501_jpg.rf.c4df11c72857b9bc60c8ba5a067a00f9.jpg 0 0.36484375 0.30277777777777776 0.015625 0.05 0.07624533346721105
cam_08_00501_jpg.rf.c4df11c72857b9bc60c8ba5a067a00f9.jpg 0 0.384378045797348 0.30141758918762207 0.015772521495819092 0.0637403130531311 0.07489001538072314
cam_08_00501_jpg.rf.c4df11c72857b9bc60c8ba5a067a00f9.jpg 0 0.8523990511894226 0.37571854889392853 0.049715638160705566 0.06986275315284729 0.06954723596572876
cam_08_00501_jpg.rf.c4df11c72857b9bc60c8ba5a067a00f9.jpg 0 0.205511212348938 0.28718800842761993 0.04148036241531372 0.040805310010910034 0.06123736074992588
cam_08_00501_jpg.rf.c4df11c72857b9bc60c8ba5a067a00f9.jpg 0 0.2684710770845413 0.8707391321659088 0.05696508288383484 0.12722378969192505 0.027002772050244466
cam_08_00501_jpg.rf.c4df11c72857b9bc60c8ba5a067a00f9.jpg 0 0.37604035437107086 0.22302641719579697 0.014604896306991577 0.05529703199863434 0.021941513887473514
cam_08_00501_jpg.rf.c4df11c72857b9bc60c8ba5a067a00f9.jpg 0 0.5785019099712372 0.03598380461335182 0.061006367206573486 0.07196760922670364 0.015892749386174337
cam_08_00502_jpg.rf.2378b85a6bb5007d6f6d767a17018530.jpg 0 0.21276658028364182 0.4564475566148758 0.034942254424095154 0.10194680094718933 0.9790068013327462
cam_08_00502_jpg.rf.2378b85a6bb5007d6f6d767a17018530.jpg 0 0.8102715313434601 0.5556987524032593 0.05254429578781128 0.1358497142791748 0.9776456866945539
cam_08_00502_jpg.rf.2378b85a6bb5007d6f6d767a17018530.jpg 0 0.1309439018368721 0.5079451650381088 0.036890819668769836 0.11897316575050354 0.9774677242551532
cam_08_00502_jpg.rf.2378b85a6bb5007d6f6d767a17018530.jpg 0 0.39747820794582367 0.4090629816055298 0.031247049570083618 0.10966765880584717 0.9741303750446865
cam_08_00502_jpg.rf.2378b85a6bb5007d6f6d767a17018530.jpg 0 0.34929484128952026 0.3407386243343353 0.03157287836074829 0.08898550271987915 0.9721212727682931
cam_08_00502_jpg.rf.2378b85a6bb5007d6f6d767a17018530.jpg 0 0.2994779348373413 0.5714660286903381 0.05656111240386963 0.12720346450805664 0.9695988042013985
cam_08_00502_jpg.rf.2378b85a6bb5007d6f6d767a17018530.jpg 0 0.36908066272735596 0.3028150051832199 0.022537827491760254 0.07759925723075867 0.9598312207630703
cam_08_00502_jpg.rf.2378b85a6bb5007d6f6d767a17018530.jpg 0 0.3375491201877594 0.24504484981298447 0.02361994981765747 0.05240042507648468 0.9475839989525932
cam_08_00502_jpg.rf.2378b85a6bb5007d6f6d767a17018530.jpg 0 0.29798224568367004 0.3684834837913513 0.03182876110076904 0.10072463750839233 0.9423449209758213
cam_08_00502_jpg.rf.2378b85a6bb5007d6f6d767a17018530.jpg 0 0.3932913690805435 0.2355252280831337 0.018634825944900513 0.05576877295970917 0.8862338747297015
cam_08_00502_jpg.rf.2378b85a6bb5007d6f6d767a17018530.jpg 0 0.36022384464740753 0.24378652125597 0.01994916796684265 0.059931620955467224 0.8714695487703595
cam_08_00502_jpg.rf.2378b85a6bb5007d6f6d767a17018530.jpg 0 0.08445853553712368 0.4090140610933304 0.07496995106339455 0.08472767472267151 0.26908873660223825
cam_08_00502_jpg.rf.2378b85a6bb5007d6f6d767a17018530.jpg 0 0.8536187708377838 0.37651364505290985 0.047668397426605225 0.06655421853065491 0.08762400490897042
cam_08_00502_jpg.rf.2378b85a6bb5007d6f6d767a17018530.jpg 0 0.3015625 0.46111111111111114 0.0359375 0.1 0.06637356536728996
cam_08_00502_jpg.rf.2378b85a6bb5007d6f6d767a17018530.jpg 0 0.80999556183815 0.23322997242212296 0.026580393314361572 0.0708453506231308 0.044394654887063165
cam_08_00502_jpg.rf.2378b85a6bb5007d6f6d767a17018530.jpg 0 0.578705757856369 0.1647053137421608 0.013145625591278076 0.05242909491062164 0.02840741298028401
cam_08_00502_jpg.rf.2378b85a6bb5007d6f6d767a17018530.jpg 0 0.5869925916194916 0.03635541722178459 0.05298405885696411 0.07271083444356918 0.023955409015927995
cam_08_00502_jpg.rf.9a3d33d7833cbe024b865cb15366bceb.jpg 0 0.21298428624868393 0.4571954756975174 0.038066402077674866 0.10511323809623718 0.980420538357326
cam_08_00502_jpg.rf.9a3d33d7833cbe024b865cb15366bceb.jpg 0 0.3014741390943527 0.45555105805397034 0.042022377252578735 0.11414414644241333 0.9772036756787982
cam_08_00502_jpg.rf.9a3d33d7833cbe024b865cb15366bceb.jpg 0 0.8104458451271057 0.5559273660182953 0.0483781099319458 0.1321161389350891 0.9752898556845528
cam_08_00502_jpg.rf.9a3d33d7833cbe024b865cb15366bceb.jpg 0 0.13129423931241035 0.5089405924081802 0.03672804683446884 0.11857816576957703 0.974675076348441
cam_08_00502_jpg.rf.9a3d33d7833cbe024b865cb15366bceb.jpg 0 0.34818530082702637 0.34114712476730347 0.029628455638885498 0.08959472179412842 0.9697175025939941
cam_08_00502_jpg.rf.9a3d33d7833cbe024b865cb15366bceb.jpg 0 0.2997175604104996 0.5723050832748413 0.05770549178123474 0.13020050525665283 0.9625246695109776
cam_08_00502_jpg.rf.9a3d33d7833cbe024b865cb15366bceb.jpg 0 0.39816637337207794 0.40721605718135834 0.026580125093460083 0.10199543833732605 0.9576012407030378
cam_08_00502_jpg.rf.9a3d33d7833cbe024b865cb15366bceb.jpg 0 0.3692171424627304 0.297284871339798 0.02034279704093933 0.06635624170303345 0.9346503870827811
cam_08_00502_jpg.rf.9a3d33d7833cbe024b865cb15366bceb.jpg 0 0.2986944615840912 0.36339592933654785 0.034555792808532715 0.0905037522315979 0.9262085812432426
cam_08_00502_jpg.rf.9a3d33d7833cbe024b865cb15366bceb.jpg 0 0.33699871599674225 0.24382136762142181 0.02223345637321472 0.05419793725013733 0.8167668751307896
cam_08_00502_jpg.rf.9a3d33d7833cbe024b865cb15366bceb.jpg 0 0.3934583067893982 0.2317550703883171 0.017807304859161377 0.050348833203315735 0.8057469129562378
cam_08_00502_jpg.rf.9a3d33d7833cbe024b865cb15366bceb.jpg 0 0.36034299433231354 0.24474597722291946 0.018637269735336304 0.060108646750450134 0.8027357373918805
cam_08_00502_jpg.rf.9a3d33d7833cbe024b865cb15366bceb.jpg 0 0.08297842182219028 0.4081808477640152 0.06066323444247246 0.08124324679374695 0.18051924450056894
cam_08_00502_jpg.rf.9a3d33d7833cbe024b865cb15366bceb.jpg 1 0.34868761897087097 0.24374675750732422 0.03984111547470093 0.05520832538604736 0.11499922616141182
cam_08_00502_jpg.rf.9a3d33d7833cbe024b865cb15366bceb.jpg 0 0.8536146283149719 0.3765343576669693 0.04769134521484375 0.06657883524894714 0.0877861636025565
cam_08_00502_jpg.rf.9a3d33d7833cbe024b865cb15366bceb.jpg 0 0.80999556183815 0.23322997242212296 0.026580393314361572 0.0708453506231308 0.044394305774143765
cam_08_00502_jpg.rf.9a3d33d7833cbe024b865cb15366bceb.jpg 0 0.2049420401453972 0.28337106108665466 0.0411306768655777 0.0424494743347168 0.029123141297272274
cam_08_00502_jpg.rf.9a3d33d7833cbe024b865cb15366bceb.jpg 0 0.5869925916194916 0.03635541722178459 0.05298405885696411 0.07271083444356918 0.02395542391708919
cam_08_00503_jpg.rf.f3dbac2705fc57cd91187527a37ad011.jpg 0 0.7262553572654724 0.4174336642026901 0.03851652145385742 0.1068812906742096 0.9804079362324306
cam_08_00503_jpg.rf.f3dbac2705fc57cd91187527a37ad011.jpg 0 0.34107282757759094 0.6685411036014557 0.04464304447174072 0.1736735701560974 0.9763389825820923
cam_08_00503_jpg.rf.f3dbac2705fc57cd91187527a37ad011.jpg 0 0.1327930986881256 0.5943464934825897 0.04653474688529968 0.15873509645462036 0.9759940419878278
cam_08_00503_jpg.rf.f3dbac2705fc57cd91187527a37ad011.jpg 0 0.030365278478711843 0.6501289308071136 0.05917858798056841 0.15013593435287476 0.9755529676164899
cam_08_00503_jpg.rf.f3dbac2705fc57cd91187527a37ad011.jpg 0 0.24534467607736588 0.49561743438243866 0.03831951320171356 0.13490286469459534 0.973609175000872
cam_08_00503_jpg.rf.f3dbac2705fc57cd91187527a37ad011.jpg 0 0.3173779994249344 0.4382633566856384 0.04275521636009216 0.10590654611587524 0.9725819315229144
cam_08_00503_jpg.rf.f3dbac2705fc57cd91187527a37ad011.jpg 0 0.3368287682533264 0.370613232254982 0.029592931270599365 0.08127382397651672 0.9692926917757306
cam_08_00503_jpg.rf.f3dbac2705fc57cd91187527a37ad011.jpg 0 0.32450465857982635 0.2878844290971756 0.021960705518722534 0.06843391060829163 0.9678832122257778
cam_08_00503_jpg.rf.f3dbac2705fc57cd91187527a37ad011.jpg 0 0.3765814006328583 0.2702907994389534 0.018602848052978516 0.06373344361782074 0.9396745477403913
cam_08_00503_jpg.rf.f3dbac2705fc57cd91187527a37ad011.jpg 0 0.3525882214307785 0.3005594313144684 0.016603022813796997 0.06984269618988037 0.9372096402304513
cam_08_00503_jpg.rf.f3dbac2705fc57cd91187527a37ad011.jpg 0 0.07634039036929607 0.3938005417585373 0.06285280361771584 0.0676012933254242 0.3961743286677769
cam_08_00503_jpg.rf.f3dbac2705fc57cd91187527a37ad011.jpg 0 0.13764750584959984 0.7818674743175507 0.051512785255908966 0.17664450407028198 0.24596375226974487
cam_08_00503_jpg.rf.f3dbac2705fc57cd91187527a37ad011.jpg 0 0.08249264396727085 0.6260182857513428 0.0528385303914547 0.14430522918701172 0.06318067227091108
cam_08_00503_jpg.rf.f3dbac2705fc57cd91187527a37ad011.jpg 0 0.855681300163269 0.37737947702407837 0.053026676177978516 0.06724321842193604 0.048578815800803046
cam_08_00503_jpg.rf.f3dbac2705fc57cd91187527a37ad011.jpg 0 0.20158682763576508 0.2867201566696167 0.041025131940841675 0.04822814464569092 0.028243890830448697
cam_08_00503_jpg.rf.f3dbac2705fc57cd91187527a37ad011.jpg 0 0.8101166486740112 0.2354550063610077 0.02669382095336914 0.07475608587265015 0.02338361314364842
cam_08_00503_jpg.rf.f3dbac2705fc57cd91187527a37ad011.jpg 0 0.1389831304550171 0.30078285932540894 0.047172337770462036 0.0846395492553711 0.016959126506532942
cam_08_00503_jpg.rf.fa8c8210194fbd591d1dc49a910168f6.jpg 0 0.7262553572654724 0.41743364930152893 0.03851652145385742 0.10688132047653198 0.9804136412484306
cam_08_00503_jpg.rf.fa8c8210194fbd591d1dc49a910168f6.jpg 0 0.24493063241243362 0.49476249516010284 0.04104553163051605 0.13403579592704773 0.9795387302126203
cam_08_00503_jpg.rf.fa8c8210194fbd591d1dc49a910168f6.jpg 0 0.3414664715528488 0.6737880706787109 0.05248352885246277 0.17921459674835205 0.9766753230776105
cam_08_00503_jpg.rf.fa8c8210194fbd591d1dc49a910168f6.jpg 0 0.13281666114926338 0.5934370756149292 0.04658588021993637 0.15716063976287842 0.9754253285271781
cam_08_00503_jpg.rf.fa8c8210194fbd591d1dc49a910168f6.jpg 0 0.3245154321193695 0.28698746860027313 0.021312177181243896 0.06813523173332214 0.9681699105671474
cam_08_00503_jpg.rf.fa8c8210194fbd591d1dc49a910168f6.jpg 0 0.3764495253562927 0.2684273421764374 0.022205650806427002 0.06410974264144897 0.9676937546048846
cam_08_00503_jpg.rf.fa8c8210194fbd591d1dc49a910168f6.jpg 0 0.3522565960884094 0.30043070018291473 0.018309831619262695 0.06952819228172302 0.963623183114188
cam_08_00503_jpg.rf.fa8c8210194fbd591d1dc49a910168f6.jpg 0 0.3360583186149597 0.3724832087755203 0.026560425758361816 0.08195307850837708 0.9363394124167306
cam_08_00503_jpg.rf.fa8c8210194fbd591d1dc49a910168f6.jpg 0 0.3129632920026779 0.4415736198425293 0.029418915510177612 0.10425883531570435 0.930908066885812
cam_08_00503_jpg.rf.fa8c8210194fbd591d1dc49a910168f6.jpg 0 0.02908810565713793 0.6424390077590942 0.054251209599897265 0.13063406944274902 0.8747859512056623
cam_08_00503_jpg.rf.fa8c8210194fbd591d1dc49a910168f6.jpg 0 0.07460484839975834 0.3953253775835037 0.06169232353568077 0.06687977910041809 0.38100725412368774
cam_08_00503_jpg.rf.fa8c8210194fbd591d1dc49a910168f6.jpg 0 0.1375221461057663 0.7853400111198425 0.0514584481716156 0.18317604064941406 0.26721175227846417
cam_08_00503_jpg.rf.fa8c8210194fbd591d1dc49a910168f6.jpg 0 0.855681300163269 0.37737947702407837 0.053026676177978516 0.06724321842193604 0.048578815800803046
cam_08_00503_jpg.rf.fa8c8210194fbd591d1dc49a910168f6.jpg 0 0.20166978985071182 0.2865059971809387 0.04093022644519806 0.047902703285217285 0.028204245226723806
cam_08_00503_jpg.rf.fa8c8210194fbd591d1dc49a910168f6.jpg 0 0.8101166486740112 0.2354550063610077 0.02669382095336914 0.07475608587265015 0.02338361314364842
cam_08_00503_jpg.rf.fa8c8210194fbd591d1dc49a910168f6.jpg 0 0.13898300752043724 0.3007833808660507 0.047172464430332184 0.08464059233665466 0.016962760261126926
cam_08_00503_jpg.rf.fa8c8210194fbd591d1dc49a910168f6.jpg 0 0.4085897356271744 0.6486785709857941 0.11706963181495667 0.16807836294174194 0.008249575006110328
cam_08_00504_jpg.rf.96f2cb1bd745eabbbfa10d3a1b6a70b9.jpg 0 0.2653066888451576 0.5568903684616089 0.05027507245540619 0.15539002418518066 0.9801690919058663
cam_08_00504_jpg.rf.96f2cb1bd745eabbbfa10d3a1b6a70b9.jpg 0 0.6745935678482056 0.33029772341251373 0.0305173397064209 0.07484033703804016 0.9775212832859584
cam_08_00504_jpg.rf.96f2cb1bd745eabbbfa10d3a1b6a70b9.jpg 0 0.2947215288877487 0.3644965887069702 0.035456448793411255 0.08975064754486084 0.974562508719308
cam_08_00504_jpg.rf.96f2cb1bd745eabbbfa10d3a1b6a70b9.jpg 0 0.3458869010210037 0.311245322227478 0.03114721179008484 0.09158790111541748 0.9727183410099575
cam_08_00504_jpg.rf.96f2cb1bd745eabbbfa10d3a1b6a70b9.jpg 0 0.10402945429086685 0.7962214946746826 0.08512954413890839 0.2593463659286499 0.9694486004965646
cam_08_00504_jpg.rf.96f2cb1bd745eabbbfa10d3a1b6a70b9.jpg 0 0.3101562559604645 0.418037012219429 0.025898993015289307 0.09394428133964539 0.5593106576374599
cam_08_00504_jpg.rf.96f2cb1bd745eabbbfa10d3a1b6a70b9.jpg 0 0.07887702062726021 0.40271344780921936 0.07181515544652939 0.07778698205947876 0.2672103728566851
cam_08_00504_jpg.rf.96f2cb1bd745eabbbfa10d3a1b6a70b9.jpg 0 0.8098067343235016 0.23149921745061874 0.02641826868057251 0.07101388275623322 0.10453047922679357
cam_08_00504_jpg.rf.96f2cb1bd745eabbbfa10d3a1b6a70b9.jpg 0 0.854820966720581 0.37797947227954865 0.04983973503112793 0.06668797135353088 0.09540543385914393
cam_08_00504_jpg.rf.96f2cb1bd745eabbbfa10d3a1b6a70b9.jpg 0 0.42005378007888794 0.23586966842412949 0.017676591873168945 0.06969292461872101 0.04421714799744742
cam_08_00504_jpg.rf.96f2cb1bd745eabbbfa10d3a1b6a70b9.jpg 1 0.459375 0.22083333333333333 0.03125 0.06388888888888888 0.039160924298422675
cam_08_00504_jpg.rf.96f2cb1bd745eabbbfa10d3a1b6a70b9.jpg 0 0.263708233833313 0.2681327238678932 0.0428348183631897 0.08325289189815521 0.007759713168655123
cam_08_00504_jpg.rf.d62673fdfc8677b41f92edf0f1a61c16.jpg 0 0.2648189291357994 0.5573019236326218 0.045685067772865295 0.15301373600959778 0.9822893142700195
cam_08_00504_jpg.rf.d62673fdfc8677b41f92edf0f1a61c16.jpg 0 0.6748039722442627 0.3292621225118637 0.03264892101287842 0.07767501473426819 0.9771168231964111
cam_08_00504_jpg.rf.d62673fdfc8677b41f92edf0f1a61c16.jpg 0 0.10385050624608994 0.795665055513382 0.0911792665719986 0.261451780796051 0.965198448726109
cam_08_00504_jpg.rf.d62673fdfc8677b41f92edf0f1a61c16.jpg 0 0.34576793015003204 0.3132943660020828 0.027202695608139038 0.09189704060554504 0.9572173867906842
cam_08_00504_jpg.rf.d62673fdfc8677b41f92edf0f1a61c16.jpg 0 0.2947664260864258 0.3655674010515213 0.037488460540771484 0.09214732050895691 0.8316693987165179
cam_08_00504_jpg.rf.d62673fdfc8677b41f92edf0f1a61c16.jpg 0 0.31059038639068604 0.4130377918481827 0.029610097408294678 0.10190597176551819 0.540222338267735
cam_08_00504_jpg.rf.d62673fdfc8677b41f92edf0f1a61c16.jpg 0 0.07886404916644096 0.4025864154100418 0.07170035690069199 0.0775122344493866 0.2669392909322466
cam_08_00504_jpg.rf.d62673fdfc8677b41f92edf0f1a61c16.jpg 0 0.8098067343235016 0.23149872571229935 0.02641826868057251 0.07101510465145111 0.10451932464327131
cam_08_00504_jpg.rf.d62673fdfc8677b41f92edf0f1a61c16.jpg 0 0.8548210561275482 0.37797947227954865 0.0498393177986145 0.06668797135353088 0.09540456533432007
cam_08_00504_jpg.rf.d62673fdfc8677b41f92edf0f1a61c16.jpg 1 0.459375 0.22083333333333333 0.03125 0.06388888888888888 0.04568415454455784
cam_08_00504_jpg.rf.d62673fdfc8677b41f92edf0f1a61c16.jpg 0 0.26423098891973495 0.26943734288215637 0.043274298310279846 0.0851513147354126 0.008182018995285034
